0110110101011011111100001001010111010111011000110110110010000111010100010110001110101011010100010111011101100100000110110101001001
1010011010110111001000000110110010001101101011111001110001001110110010110110101101000010010110111010000100001111011111101101111101
0101100101100110100001000000011000011101100001000101101110010010010000001000101000100000011010000011000101000000100110010010000100
0010000100111111000111101000010111111100011100100011010111101111100000001100000001001110110000010010110111001111011001011111100100
1010100001010010000010001110100110011110001011001011011100111011001100100111011001100000101001010010010100000100000100101100011010
0011011110001000010000111101100011001100101000110111000100010101010110101010011010011101100011000000110111000101011101100010101001
0110110110101110101111011011110010010011001100001000101010011000011000010000100000111001110001110101111010001101000111001101010100
1100110101011011110101011110010111010011000110100001110011110010110111110011101000000000101100110000100100111011000001100010101100
1000001101011100100101001110000100101000110110001000100000001001001011101001111001110010111001110011010000101010110100000101000011
0110001100000001110101101110001000100010000000110101111100010000101011000000011001011011011010111101010101101011001101101001011000
1101001011110010001101010010001110001001010100010011010110111011110101100100001111001010110100111000011011110100101010011101011010
0110101001110111111000011111000100010111111011011000011000011000100000111011000001000100011101000100100110110011100110111010100010
1001101101111001101110110001111010110100001011100110010010101111110011000010011100001111110000111111000010011101011111101011001110
1110100011010110100010011110001101101011100101110011100000011001111100110100011000110111001101010100100110001111010110101101010111
0001101110001011000011101011101111111101011000110000101011111011000000000011001111110110011000010110111001100000011010100010111101
1110111110001100000000000110101111011011101111011001100101111100100111011010000101010101001111111100011001011011111000000010101110
1111100001100100000110000011001110001100000111100000000111011110000000110110011111001011011010010010101100110111010111101100001001
1111000001010110110100110101110011111010011111000011010001111001100001011011101111111110101010101000101000110100001110110110001111
0010110111100100001101100001101100010001101010010000010100110011100001010001000101100110011100010010001000101110010011001110101001
0010110110001010111001010001101111101011110111000110111011000010011011010110001101101000101000000110001111010101000111100011101011
0000100100001100111110101000001111010110100110010011101111111010011100101111100011110010001110010000110101100011100110001100011100
0001011111100001111010110010100100001100111110101110001011111001000100000101111110111000111100110010110101100100011011011011100011
0000001001100100000001001010101010010001011110110110111110110110100100101011010001101100000110100101001000011010100010101010010111
0101110011011101001001010000000111101001110111101010110011111100110010010011100010000101111011111010011110111011110010100000111100
1000010101011001000001000010101101111111001111100010111010100101100001111100111000001101110101000010100011011101010001001000000100
1110000010001010010001010000101111111000101001100100110010111011111101010100010101111101011110011110100111000010001010001110101111
1110110100010010110111011011100111011010001111110110101001001100000111100110101010101010000000011100101110101110111100000000000110
0111100011000011110110010110101111110111111011100000001011001010101000001101001111101000100100100101110110100011010010100011101001
1010101101110101110110110000100100010001000111001100101110001110101010111100110101010111010001110100111110001001001010001010100101
1001101100010001011110100110010101010101100011111010001000001101001010100110010100011100100100000010011010001011010011100110111111
1000011000111110111010011100110011001110000111001001000001101000111001000101101110001000000011001010101011101010101101101101111010
1101100100110110010101100100100101001010011011100101001110100111110111000100011000110010101101111110100100111111111010101111001101
1001011000011010010111111010001101011001011001010000011010100110010001111111001111011100100010001011001110000000100011100100011011
0000110010111111111011100010010010010110100111110011001111000011100110111001100111111100010111010001000111101111100101000101011001
0111010111110011000010110011101001100011000010001101001001010000010101101001001111101111000000101111110000010111100100111111101101
1101011100010100001010001010001111111001010100100011111111101010000011101101100101011111000011100100100111010000001001110111111000
1110101111011010000000100000011000110111000110001011110111110011010100000100100100001100100111001111000111001000110010010011111100
0001111001011110111110100000100001001001111111001011001110110111001110111000010110010001000000111100011011010011100000000000111110
1111101001110110000101111111001100011111111100111110100110111111011111011110100111101110000001011110101110100101000111110111011110
0111101111110111010111000001110011111001001101110101001100010111111000101001101110110001111011111011100100000010110010110010100011
1110011010110000111100011000010001100001101010001000000101101100000011100011001111100110111000110100110010001010000000101111101010
0100101100100001100000001011110010100101100011100110111101011110001011100111000110111001111111011111100001011101000001011010001110
1100011000110011001101000001011001100010010110111110001011111111111110000011010010011010000010101111010011110101000101100110010110
1000110101000101100100011000111110100011101101100100100110010100001101111001100000001011111110110011100100010011111101001011110010
1110000000011011000111110010101110100111010011000010111000111011111101101010001000110000000111111101000110100100000010100000010010
1111111100111111010011101000001101010110101100111000001101111000011101110011001000010111101101010101011111011101000110100011001000
0111100001110101110100010000001010010111111110010100010010000011010010010111110001000100110111111001101111110010101110010001000110
1100100101011110001100010110000000100110100011001010101000100000011010100001111101110001111000010101011000000111000001011000000100
1010010101100111011011101111000011111101101000100001111001100011101001000000001101001011011000000111001000010100111011011100101011
0111001111000111110100100010100110000101110100001111111101111001011100101111011001010111010110011011100110100110001111011010111100
0100011000101110011110100001010101100001011011010100110001111000011100101001000100111000101100110111100000011011111101111010000011
0110010000010110100001010000000001111110111101110101010101111101011111110110000101011111101011100000010010101111000000000100101111
0101011010101001111001111000111011110111101100011101111010110001111011100101110001110010010100001100000000001001100000010011001110
0101101010000011101010101010111100101110100100101000111000100101011010100010011001001111001111001000010100101001010011110101001001
1010010111111001000101101001111100010010001011010101000011110000001101101101101111110110000100110000000110011010100011001100111000
1001000000001110011011100100011011000001011101110001110010111110001100010100010011101001011110010101111000110100110010010110100010
1111110111000110001101000100111110000010011000001010000001100000111000011000011101010100101001000001111010001111100101111000101001
1010101101101000011001011110011011000110010101010011100111110101010000111001010110010101101110110111100101110111101011011011101000
0011011111000101111010111011110110110000011100101110000010101100100000011010100000110001101100001111010010000011100101010001000010
1111101011100011100000001111101110100001001110010000110100110111001001100000000010101101001100011100011001101110100100100111011000
0011110110001111100010111011000000001011111111110110001010011010001001100101110101010000110100100101100011001100101000011100110110
1010101011101111111100000100001100100001111011001101100101100111101100111111100111010100001101110001001000100000111101000101101111
0111110110110101100101010101100000000101101010111111100001101111000110011111000010010000100111111101100010011100101111111011101010
0101011101110110101100100101110101111001110010011001110000011010000110110110011101010000101100001100101110011110100000110011001111
1010100100100000010010111010110111110110110011110000000010000011000011000100111101110010110100011101101010100110100011111001100000
1101110010101110101000010111011100000011101001101001001100001010000111010000001101000101000010011100001101100100001000101111101001
1001111000011110110110011000110001101100101110011000110111100010011101000100111001001001111010110011100010111010100000010110111010
1111111101110001000100110000000111110110100010100001111000101000110010111110010100011101001010101011010001111110011101011100001101
0111100110111011010011100000101001101111101101110111001010010100001101100011001111001001000100000110010010010000111000001100000001
0010111111001010101110110000011110001111011111011001010011110100001011010011111010110001110010000001110101011111001111110011000111
0010110010111000101111100101101110000000010010011001011101100110000001010101111001010111000011010001101101100111000011111000000001
0101010010001111100010000110000110101001011111100001000010010000001100010111010000100010110110100101011101111010010010101001111100
1111110111111001110001000100011011100010011011010100110010101010011100010001010000101100110101111000110101010011001010101110100110
1010101100011111111110000101100100011010011000010011000111110011011101101101111001010001110101111111111101000001101110100101010001
1011001011000010010011100000011001001001000111100010010011110100110010000100101011100101010110100110010001000000010110010000101111
0000101101001001101111010000100010100011110001001110100101010100011010110011110100111011110110000111010001000100011000111001001011
1011101100101111100111001000000010100110000101111000001011000011010111110011111101011100000011111001110010001000000101010010100101
1110000111010001111111110001100011011101111001010000001010100111001101011000111011001110010011101011111110001001100001011111111100
1001010000100000111100100111000010100001100001110110001110001110011111000010001110100100101101010100011101110011111110100010010100
0100110000000010001010010110011111101101001100101100110000010101100010101111111000000100111011111111010001001101010111110010110111
0111011110000011111001001000011100001001001111011100111101101001111010001001100000010000011000101100110110011111011011100110101010
1011011011111110001001000111010100111001011100111101001010110101000111111010011101001011100111010011110101001101110100011011100000
1101001101000111010001110101101111100101000001110011101100011011100010010001101100000100111001011101100001110111001101000001000000
0101101111100001101111010100011001101100111001110010011011111101000000001010001110110000011110001011010100110100000011001110100011
0111010100111101010000100110010011000010010011110101100001010111111111110110110100010111001100000000010011101100000110101100000111
1001111100100100101000110010110100111101101010011001010100100101001000101110101000011101011000100101101110101011101000010000001100
1100000010001010010111001001101101101100111101111100000100101001011111101100111001010001011001101011111011011010001010100100101011
1101000010001010110101001011001110001000000110010010001011110000010010001110000100110110000010011000011000110111010100111010110110
0111110111100111100001011111011010110101010111010110000111110111101010000011110110111110100010111111001110101101111010001100101100
1000110000001001111100001101001110100110011100001001101110001101001101000010001111110010000001100000001000001011010011111010101100
0100111110000001100111001101000110001101111011100000110110011000101110110011110010110101110111110100111010100000001011011000100110
1011100010010101011010010101100100001100000001101111001000100111100010010000010001000101100101100111011111010001000010110001111110
0101110101100000000110100111110100001100100110101110010011101111100010111100010010111001101110001010001001111101000111010101000000
